316
875
320
902
937
153
189
805
638
801
308
941
559
762
144
309
897
275
887
932
844
770
204
404
240
950
45
976
892
591
933
761
374
466
390
469
808
454
284
719
690
516
40
903
616
843
853
502
835
951
69
436
665
579
663
167
418
918
756
378
334
883
163
129
329
55
619
758
501
679
709
42
242
911
590
423
72
789
94
66
988
364
365
244
970
993
523
611
291
251
300
225
537
86
232
137
9
151
515
563
921
196
155
79
688
793
67
195
306
656
607
901
233
509
625
149
868
658
922
288
981
609
803
517
13
671
8
641
541
549
498
99
906
772
952
528
604
670
701
896
274
606
491
215
220
370
601
863
633
398
712
281
456
760
391
46
489
668
961
35
475
624
513
403
75
188
179
546
555
265
913
276
873
953
474
942
93
97
991
973
728
864
716
11
667
302
817
185
574
833
841
872
413
125
777
580
461
878
707
216
323
524
154
377
634
781
191
706
565
949
173
954
962
344
827
229
298
511
702
120
577
713
891
375
790
160
929
270
694
105
448
854
769
184
346
406
228
696
328
534
133
266
744
522
632
912
751
212
90
379
982
458
341
514
98
200
722
821
620
420
703
421
412
176
172
630
881
506
278
422
199
382
520
321
816
435
734
60
355
380
956
959
797
85
394
539
510
363
773
82
558
34
468
739
899
164
347
629
628
174
339
999
217
845
572
87
977
672
657
750
556
405
851
677
104
349
165
715
194
299
132
92
779
814
826
449
714
585
131
622
297
934
197
493
767
587
431
888
964
920
940
639
37
231
681
698
849
490
518
678
545
944
333
19
855
673
62
317
181
664
986
424
729
226
408
247
557
17
451
124
438
426
59
825
584
930
704
992
383
116
829
470
159
908
128
533
685
425
532
472
727
599
271
561
564
621
73
871
774
568
260
20
38
411
655
495
588
867
735
889
846
496
31
809
594
736
111
148
660
337
336
277
535
208
138
91
775
980
324
914
219
409
399
246
963
915
996
551
77
782
130
562
21
312
433
123
745
89
465
51
810
831
279
447
869
445
608
230
749
357
464
757
837
68
592
102
811
724
175
637
437
83
255
998
910
142
313
53
210
684
838
857
895
296
460
453
434
384
550
623
661
725
890
737
519
238
740
994
783
720
117
612
109
56
263
512
310
80
485
442
478
983
578
343
65
570
802
989
787
542
958
581
882
766
381
927
5
700
792
705
682
101
567
235
254
44
943
482
3
746
730
386
88
356
264
295
631
402
615
143
842
1
57
18
503
791
441
647
280
691
161
886
201
733
222
617
293
49
870
15
122
331
738
140
931
907
259
170
589
804
548
205
492
569
778
602
353
350
965
721
858
822
294
182
995
39
4
177
186
358
717
945
806
529
369
525
32
112
397
315
43
24
984
444
54
213
974
571
192
168
669
547
948
257
885
916
243
429
919
596
904
925
759
636
832
494
467
653
576
488
14
250
695
439
635
224
267
457
410
582
544
180
183
540
499
748
12
289
455
452
36
764
487
241
372
158
70
600
479
971
898
50
866
385
273
824
813
311
538
58
114
654
335
366
610
860
236
463
351
979
209
393
755
282
462
553
203
387
214
573
874
752
780
861
432
924
33
1000
765
106
396
818
662
784
732
880
786
836
110
373
990
862
566
258
84
530
401
710
141
815
103
22
675
785
322
521
960
483
23
947
338
686
249
839
2
206
741
332
648
575
966
554
743
348
905
928
894
127
262
359
115
865
96
763
659
830
527
303
234
917
237
674
643
900
166
726
987
543
352
7
680
957

139
119
477
272
407
121
708
856
645
683
326
852
305
371
985
646
598
834
340
597
640
118
978
108
145
692
605
747
389
753
285
500
52
614
307
252
794
227
417
650
30
100
256
113
221
107
799
147
997
627
63
699
676
327
938
967
850
388
526
711
560
480
187
218
223
207
459
504
319
909
798
269
286
342
78
28
318
697
190
239
440
150
126
583
268
395
935
819
419
345
642
859
29
644
135
261
10
71
171
6
613
603
823
198
415
287
134
152
771
666
64
360
651
718
693
879
427
304
955
776
354
768
450
893
649
936
923
376
481
508
81
840
731
361
314
76
136
162
47
939
156
484
795
146
969
552
283
812
828
330
95
416
946
443
796
687
586
16
202
193
367
876
446
471
847
211
253
169
74
926
61
245
652
800
877
178
754
689
618
430
301
788
486
975
362
368
290
593
25
392
497
48
848
505
626
884
723
476
820
27
531
400
428
507
157
473
536
248
414
41
292
807
972
968
325
26
595
742
